   0.974   -0.033   -0.225    0.210    0.503    0.838    0.086   -0.863    0.497   27.274   -6.283   -8.182      1
  -0.303    0.437   -0.847    0.538    0.812    0.227    0.787   -0.386   -0.481   44.074   11.717  -38.182      2
   0.778    0.300    0.551    0.610   -0.569   -0.551    0.148    0.765   -0.626   20.074   10.517  -16.582      3
  -0.713    0.701    0.000    0.593    0.603   -0.533   -0.374   -0.380   -0.846   57.274   -2.683    3.818      4
   0.960    0.110   -0.256   -0.234   -0.183   -0.955   -0.152    0.977   -0.150   30.874   24.917  -21.382      5
  -0.368    0.344   -0.864   -0.716    0.488    0.499    0.593    0.802    0.067   58.474   -8.683  -22.582      6
   0.863    0.147   -0.483   -0.007    0.960    0.279    0.505   -0.237    0.830   54.874    2.117  -38.182      7
  -0.402    0.814   -0.419   -0.392   -0.566   -0.725   -0.828   -0.128    0.546   56.074   35.717   -2.182      8
   0.340    0.391    0.855   -0.763   -0.417    0.494    0.550   -0.820    0.157   29.674   28.517   -8.182      9
  -0.046   -0.000    0.999   -0.001    1.000   -0.000   -0.999   -0.001   -0.046   29.674   -0.283    3.818     10
  -0.101   -0.990   -0.096    0.925   -0.129    0.358   -0.367   -0.053    0.929   71.674   -0.283  -16.582     11
   0.305    0.689   -0.658   -0.678   -0.328   -0.658   -0.668    0.647    0.367   34.474   29.717    2.618     12
   0.055   -0.254   -0.966    0.297   -0.919    0.259   -0.953   -0.301    0.025   72.874   17.717   -2.182     13
   0.479   -0.878    0.000    0.546    0.298    0.783   -0.687   -0.375    0.622   44.074   -8.683    0.218     14
  -0.057   -0.983    0.175    0.992   -0.075   -0.101    0.113    0.168    0.979   70.474   -5.083  -21.382     15
  -0.745    0.613    0.263    0.656    0.602    0.456    0.121    0.512   -0.851   62.074   -5.083  -18.982     16
   0.527    0.811    0.255    0.277    0.120   -0.953   -0.804    0.573   -0.161   51.274  -12.283   -4.582     17
   0.867    0.059   -0.494   -0.474   -0.205   -0.856   -0.152    0.977   -0.150   32.074   27.317  -20.182     18
  -0.392    0.349    0.851   -0.362    0.792   -0.491   -0.846   -0.501   -0.185   32.074   12.917    8.618     19
  -0.329   -0.472    0.818   -0.083    0.877    0.472   -0.941    0.087   -0.328   46.474   -1.483    6.218     20
  -0.612   -0.644    0.460    0.035   -0.603   -0.797    0.790   -0.471    0.391   70.474   -6.283  -16.582     21
  -0.597    0.383    0.706    0.540   -0.458    0.706    0.593    0.802    0.067   54.874    8.117  -39.382     22
  -0.410    0.876    0.253   -0.879   -0.454    0.146    0.243   -0.163    0.956   40.474   30.917  -22.582     23
  -0.249    0.110    0.962   -0.704    0.662   -0.258   -0.666   -0.741   -0.088   35.674   14.117   11.018     24
   0.317    0.642    0.698    0.503    0.510   -0.698   -0.804    0.573   -0.161   64.474    4.517    5.018     25
  -0.329    0.610   -0.721    0.750    0.632    0.193    0.574   -0.477   -0.666   45.274    9.317  -39.382     26
  -0.614    0.789    0.000    0.673    0.524    0.522    0.412    0.320   -0.853   60.874   -6.283  -22.582     27
  -0.332   -0.907    0.257   -0.034    0.284    0.958   -0.942    0.310   -0.126   47.674   -8.683  -29.782     28
   0.259   -0.234    0.937   -0.034    0.967    0.251   -0.965   -0.097    0.243   28.474   -0.283    3.818     29
   0.440    0.898    0.000    0.359   -0.176   -0.916   -0.823    0.403   -0.400   47.674  -11.083   -2.182     30
  -0.946   -0.100   -0.308    0.085    0.842   -0.533    0.312   -0.531   -0.788   22.474    6.917    5.018     31
   0.082   -0.997    0.000   -0.903   -0.074   -0.423    0.422    0.035   -0.906   45.274   30.917  -27.382     32
  -0.636    0.544    0.548    0.445    0.838   -0.316   -0.631    0.043   -0.775   23.674    4.517  -30.982     33
   0.827    0.423    0.372    0.550   -0.748   -0.372    0.121    0.512   -0.851   20.074   11.717  -14.182     34
   0.214   -0.557    0.802    0.812   -0.355   -0.463    0.543    0.751    0.377   46.474   27.317  -30.982     35
  -0.886    0.265   -0.381    0.060   -0.749   -0.660   -0.460   -0.607    0.648   59.674   -5.083   -2.182     36
   0.123    0.151    0.981   -0.774    0.633   -0.000   -0.621   -0.759    0.195   33.274   14.117   11.018     37
  -0.388   -0.764    0.515   -0.842    0.521    0.138   -0.374   -0.380   -0.846   39.274  -15.883  -16.582     38
   0.885   -0.218    0.411    0.034    0.911    0.411   -0.464   -0.350    0.814   27.274   -8.683  -18.982     39
   0.706    0.657    0.265    0.694   -0.717   -0.071    0.143    0.234   -0.962   27.274   21.317    1.418     40
   0.493    0.508   -0.706   -0.551   -0.446   -0.706   -0.673    0.737    0.060   34.474   29.717    1.418     41
  -0.544    0.426    0.723    0.148    0.897   -0.417   -0.826   -0.120   -0.551   54.874  -15.883  -32.182     42
  -0.682   -0.213   -0.699   -0.715   -0.004    0.699   -0.152    0.977   -0.150   28.474  -13.483   -9.382     43
   0.955    0.151    0.256   -0.217    0.942    0.256   -0.203   -0.300    0.932   42.874   36.917   -2.182     44
  -0.262   -0.606    0.751   -0.783    0.588    0.201   -0.563   -0.535   -0.629   39.274  -15.883  -20.182     45
   0.153   -0.036    0.988    0.230    0.973   -0.000   -0.961    0.227    0.157   29.674   -2.683    2.618     46
   0.688   -0.611    0.391    0.234    0.697    0.678   -0.687   -0.375    0.622   70.474    2.117  -32.182     47
  -0.327    0.809    0.488    0.871    0.057    0.488    0.367    0.585   -0.723   30.874   -7.483  -20.182     48
  -0.452   -0.497    0.740    0.254   -0.868   -0.427    0.855   -0.005    0.519   71.674   -3.883  -16.582     49
  -0.688   -0.199    0.697   -0.716    0.033   -0.697    0.116   -0.979   -0.165   17.674   23.717   -8.182     50
   0.049   -0.495   -0.868    0.995    0.099   -0.000    0.086   -0.863    0.497   54.874   -9.883   -9.382     51
   0.917   -0.343   -0.202   -0.369   -0.544   -0.753    0.148    0.765   -0.626   46.474   35.717  -16.582     52
  -0.274    0.321    0.906   -0.760   -0.650   -0.000    0.589   -0.689    0.422   34.474   30.917   -9.382     53
  -0.152   -0.480   -0.864    0.381    0.778   -0.499    0.912   -0.405    0.064   70.474    2.117  -28.582     54
  -0.229    0.671   -0.705   -0.336    0.625    0.705    0.914    0.398    0.082   38.074   -6.283  -33.382     55
  -0.894   -0.020   -0.449   -0.379   -0.503    0.777   -0.241    0.864    0.442   52.474    6.917  -36.982     56
   0.988    0.153    0.000    0.023   -0.148   -0.989   -0.152    0.977   -0.150   27.274   21.317  -21.382     57
   0.130   -0.483   -0.866    0.273   -0.822    0.500   -0.953   -0.301    0.025   71.674   14.117   -0.982     58
  -0.644    0.211    0.735   -0.500   -0.843   -0.197    0.578   -0.495    0.649   28.474   26.117  -11.782     59
   0.139   -0.855    0.500    0.048   -0.498   -0.866    0.989    0.144   -0.029   24.874   -5.083    1.418     60
   0.239    0.862    0.448    0.894   -0.016   -0.448   -0.379    0.507   -0.774   48.874   -9.883  -36.982     61
  -0.582   -0.778    0.238    0.192   -0.416   -0.889    0.790   -0.471    0.391   68.074   -8.683  -15.382     62
  -0.048   -0.831   -0.554    0.725   -0.410    0.554   -0.687   -0.375    0.622   47.674  -14.683  -35.782     63
   0.926    0.208   -0.317    0.000   -0.836   -0.548   -0.379    0.507   -0.774   33.274  -12.283  -28.582     64
   0.915    0.374   -0.150   -0.233    0.795    0.560    0.328   -0.477    0.815   60.874   -7.483  -29.782     65
   0.164    0.712   -0.683    0.982   -0.051    0.183    0.096   -0.700   -0.707   39.274    3.317    9.818     66
  -0.267   -0.549    0.792    0.964   -0.162    0.212    0.012    0.820    0.572   42.874    0.917  -34.582     67
  -0.005    0.998    0.070   -0.999   -0.003   -0.040   -0.040   -0.070    0.997   38.074   34.517  -15.382     68
  -0.049    0.495    0.868   -0.995   -0.099   -0.000    0.086   -0.863    0.497   32.074  -12.283   -9.382     69
  -0.569   -0.713    0.410    0.690   -0.143    0.710   -0.447    0.687    0.573   74.074    2.117  -20.182     70
   0.371    0.705   -0.605   -0.362    0.709    0.605    0.855   -0.005    0.519   36.874   -7.483  -27.382     71
   0.871    0.008   -0.492    0.480    0.209    0.852    0.109   -0.978    0.178   50.074   -9.883   -4.582     72
   0.788    0.579    0.211    0.487   -0.376   -0.788   -0.377    0.724   -0.578   62.074   -8.683  -24.982     73
   0.774   -0.348    0.529   -0.019   -0.848   -0.529    0.633    0.399   -0.663   36.874   32.117  -17.782     74
  -0.402    0.827    0.394   -0.913   -0.394   -0.105    0.068   -0.402    0.913   39.274   33.317  -17.782     75
   0.337   -0.062   -0.939   -0.555    0.793   -0.252    0.760    0.607    0.233   46.474    8.117  -40.582     76
  -0.385   -0.612   -0.690   -0.847    0.532   -0.000    0.367    0.585   -0.723   60.874   -8.683   -8.182     77
  -0.760   -0.650    0.000    0.274   -0.321   -0.906    0.589   -0.689    0.422   64.474  -11.083  -11.782     78
   0.633    0.591   -0.500    0.768   -0.400    0.500    0.096   -0.700   -0.707   27.274    0.917    2.618     79
  -0.932    0.114   -0.345   -0.312   -0.738    0.598   -0.186    0.665    0.723   51.274   10.517  -36.982     80
  -0.268    0.548    0.792   -0.899   -0.438   -0.000    0.347   -0.712    0.610   35.674   33.317   -8.182     81
   0.423    0.143   -0.895   -0.726    0.645   -0.240    0.543    0.751    0.377   70.474   -3.883  -14.182     82
  -0.139    0.643    0.753    0.979   -0.025    0.202    0.148    0.765   -0.626   34.474   -9.883  -26.182     83
   0.261    0.120   -0.958    0.588    0.767    0.257    0.765   -0.631    0.130   68.074   -3.883  -10.582     84
  -0.389   -0.550    0.739    0.816   -0.578   -0.000    0.427    0.603    0.674   62.074   -6.283  -30.982     85
   0.732    0.232   -0.641    0.343    0.686    0.641    0.589   -0.689    0.422   47.674  -12.283  -11.782     86
  -0.512    0.426   -0.746    0.640    0.769   -0.000    0.574   -0.477   -0.666   46.474    9.317  -39.382     87
  -0.550    0.748    0.372    0.827    0.423    0.372    0.121    0.512   -0.851   59.674   -6.283  -20.182     88
   0.224    0.196   -0.955   -0.954   -0.155   -0.256   -0.199    0.968    0.153   65.674   -5.083  -28.582     89
  -0.767    0.627   -0.135    0.491    0.710    0.504    0.412    0.320   -0.853   64.474   -5.083  -18.982     90
  -0.040   -0.054    0.998    0.804   -0.595   -0.000    0.593    0.802    0.067   35.674    6.917  -34.582     91
  -0.273    0.822   -0.500    0.130   -0.483   -0.866   -0.953   -0.301    0.025   42.874  -15.883  -10.582     92
   0.044    0.259   -0.965    0.013   -0.966   -0.259   -0.999   -0.001   -0.046   58.474   29.717    3.818     93
   0.285   -0.923   -0.259    0.101   -0.240    0.966   -0.953   -0.301    0.025   63.274    4.517    5.018     94
   0.311    0.092   -0.946   -0.886    0.388   -0.253    0.344    0.917    0.202   52.474  -14.683  -21.382     95
  -0.447    0.889   -0.101   -0.887   -0.426    0.175    0.113    0.168    0.979   44.074   20.117  -34.582     96
  -0.735    0.400   -0.548   -0.261   -0.912   -0.316   -0.626   -0.090    0.774   66.874   29.717    1.418     97
  -0.158   -0.977    0.140    0.850   -0.063    0.522   -0.502    0.202    0.841   72.874   -0.283  -20.182     98
  -0.486    0.363   -0.795    0.784    0.583   -0.213    0.386   -0.727   -0.568   48.874  -14.683  -10.582     99
   0.088   -0.287    0.954    0.261    0.931    0.256   -0.961    0.227    0.157   39.274    4.517   12.218    100
   0.780   -0.572    0.254   -0.081    0.310    0.947   -0.621   -0.759    0.195   41.674   36.917   -6.982    101
   0.467   -0.538    0.702   -0.323    0.635    0.702   -0.823   -0.554    0.122   65.674   -3.883  -28.582    102
  -0.534    0.684   -0.496    0.191   -0.474   -0.860   -0.823   -0.554    0.122   34.474   24.917  -27.382    103
   0.797   -0.604    0.000    0.391    0.516    0.762   -0.460   -0.607    0.648   64.474   -6.283  -14.182    104
   0.302   -0.744    0.596   -0.454   -0.662   -0.596    0.838   -0.091   -0.537   60.874   -5.083    0.218    105
  -0.397    0.817    0.417    0.400    0.563   -0.723   -0.826   -0.120   -0.551   52.474   21.317  -38.182    106
  -0.500   -0.843   -0.197    0.644   -0.211   -0.735    0.578   -0.495    0.649   45.274   29.717   11.018    107
   0.558   -0.830    0.000    0.102    0.068    0.992   -0.823   -0.554    0.122   36.874   35.717   -6.982    108
   0.733    0.118    0.670    0.159   -0.987   -0.000    0.661    0.107   -0.743   22.474   16.517    0.218    109
  -0.211   -0.369   -0.905    0.456   -0.856    0.243   -0.865   -0.361    0.348   46.474   24.917  -33.382    110
   0.051    0.254   -0.966    0.129    0.957    0.259    0.990   -0.138    0.016   65.674   -6.283  -17.782    111
  -0.522    0.141   -0.841   -0.613    0.623    0.486    0.593    0.769   -0.239   35.674   33.317  -15.382    112
  -0.717    0.047    0.696   -0.689   -0.204   -0.696    0.109   -0.978    0.178   62.074  -12.283  -10.582    113
   0.463    0.786   -0.410    0.379   -0.594   -0.710   -0.801    0.174   -0.572   17.674    6.917    2.618    114
  -0.705   -0.485   -0.518    0.680   -0.669   -0.299   -0.202   -0.563    0.802   35.674  -12.283   -5.782    115
  -0.068    0.860    0.506    0.784    0.360   -0.506   -0.617    0.362   -0.698   28.474   24.917  -17.782    116
   0.886   -0.464    0.000    0.196    0.373    0.907   -0.421   -0.803    0.421   63.274   -6.283  -10.582    117
   0.304   -0.163    0.939    0.280   -0.926   -0.252    0.910    0.340   -0.236   34.474   14.117  -33.382    118
  -0.263   -0.954    0.143    0.943   -0.222    0.248   -0.205    0.200    0.958   70.474   -0.283  -21.382    119
   0.979   -0.025    0.202    0.139   -0.643   -0.753    0.148    0.765   -0.626   42.874   34.517  -15.382    120
   0.321   -0.391    0.863   -0.674    0.546    0.498   -0.666   -0.741   -0.088   62.074   -5.083  -27.382    121
  -0.071   -0.189    0.979    0.936   -0.351   -0.000    0.344    0.917    0.202   35.674    3.317  -35.782    122
   0.668   -0.717   -0.197    0.584    0.342    0.736   -0.460   -0.607    0.648   36.874   -8.683    0.218    123
   0.267   -0.513   -0.816   -0.887   -0.462   -0.000   -0.377    0.724   -0.578   21.274   17.717   -2.182    124
  -0.518   -0.822    0.237   -0.233    0.402    0.885   -0.823    0.403   -0.400   72.874    5.717   -2.182    125
  -0.059   -0.979    0.195    0.680    0.103    0.726   -0.731    0.175    0.660   69.274   -0.283  -24.982    126
   0.047    0.766   -0.641   -0.582   -0.500   -0.641   -0.812    0.403    0.423   39.274   30.917    6.218    127
   0.456   -0.856    0.243    0.211    0.369    0.905   -0.865   -0.361    0.348   44.074   -6.283    2.618    128
  -0.284   -0.006   -0.959    0.877   -0.407   -0.257   -0.389   -0.913    0.120   52.474   -3.883    5.018    129
  -0.936   -0.314   -0.159   -0.163    0.787   -0.595    0.312   -0.531   -0.788   22.474    3.317    2.618    130
  -0.847    0.532    0.000    0.385    0.612    0.690    0.367    0.585   -0.723   23.674   18.917    7.418    131
   0.889   -0.147   -0.434   -0.448   -0.483   -0.752   -0.099    0.863   -0.496   34.474   30.917  -18.982    132
  -0.525   -0.205   -0.826   -0.845    0.242    0.477    0.102    0.949   -0.300   30.874  -12.283   -5.782    133
  -0.603   -0.760    0.241    0.435   -0.061    0.898   -0.668    0.647    0.367   75.274    2.117  -16.582    134
  -0.429   -0.856    0.289    0.830   -0.247    0.500   -0.357    0.454    0.817   72.874    2.117  -22.582    135
  -0.233    0.402    0.885    0.518    0.822   -0.237   -0.823    0.403   -0.400   56.074   23.717  -36.982    136
  -0.197    0.742   -0.641   -0.394   -0.659   -0.641   -0.898    0.126    0.421   54.874   35.717   -0.982    137
  -0.499    0.742    0.447    0.594    0.669   -0.447   -0.631    0.043   -0.775   51.274   24.917  -36.982    138
  -0.040    0.044   -0.998   -0.738   -0.675   -0.000   -0.673    0.737    0.060   66.874   12.917  -36.982    139
  -0.690    0.143   -0.710   -0.569   -0.713    0.410   -0.447    0.687    0.573   17.674    0.917  -22.582    140
   0.488    0.520   -0.701    0.604    0.379    0.701    0.630   -0.766   -0.129   36.874  -14.683  -17.782    141
   0.432   -0.896   -0.106   -0.808   -0.437    0.396   -0.401   -0.085   -0.912   57.274   -8.683  -30.982    142
   0.910    0.142    0.390    0.388   -0.628   -0.675    0.148    0.765   -0.626   20.074   11.717  -16.582    143
   0.457    0.232    0.859   -0.628   -0.600    0.496    0.630   -0.766   -0.129   24.874   23.717  -17.782    144
  -0.982    0.075    0.173   -0.171   -0.743   -0.647    0.080   -0.665    0.743   42.874   22.517  -39.382    145
  -0.893    0.186   -0.409    0.154    0.982    0.110    0.422    0.035   -0.906   47.674  -11.083  -38.182    146
   0.182    0.145   -0.972   -0.624    0.782   -0.000    0.760    0.607    0.233   46.474   20.117  -38.182    147
   0.368   -0.348    0.862    0.492   -0.714   -0.498    0.790    0.607   -0.091   44.074   -0.283  -39.382    148
   0.155    0.387    0.909    0.928   -0.372   -0.000    0.338    0.843   -0.417   56.074   -0.283  -41.782    149
  -0.317    0.832    0.456    0.941    0.215    0.263    0.121    0.512   -0.851   32.074   -9.883  -16.582    150
  -0.993   -0.118    0.000   -0.019    0.164   -0.986    0.116   -0.979   -0.165   63.274   23.717    6.218    151
  -0.509    0.861    0.000    0.159    0.094   -0.983   -0.846   -0.501   -0.185   27.274   23.717    2.618    152
   0.228   -0.151    0.962    0.570   -0.780   -0.258    0.790    0.607   -0.091   34.474   10.517  -34.582    153
   0.487   -0.739    0.465   -0.580    0.124    0.805   -0.653   -0.662   -0.368   66.874   -6.283  -24.982    154
  -0.865    0.215   -0.453    0.273   -0.555   -0.785   -0.421   -0.803    0.421   38.074   34.517  -11.782    155
  -0.108   -0.606    0.788   -0.766   -0.455   -0.455    0.634   -0.652   -0.415   46.474   32.117    5.018    156
  -0.331   -0.941   -0.076    0.912   -0.298   -0.283    0.243   -0.163    0.956   35.674   -9.883   -0.982    157
  -0.909    0.074    0.410   -0.256   -0.876   -0.410    0.328   -0.477    0.815   80.074    9.317  -15.382    158
   0.023    0.666    0.746    0.779    0.455   -0.431   -0.626    0.591   -0.509   29.674   -8.683   -4.582    159
  -0.964    0.162   -0.212   -0.267   -0.549    0.792    0.012    0.820    0.572   48.874    8.117  -36.982    160
  -0.725   -0.609   -0.321    0.582   -0.791    0.185   -0.367   -0.053    0.929   26.074   22.517  -21.382    161
  -0.647   -0.740    0.186   -0.751    0.576   -0.322    0.131   -0.348   -0.928   68.074   20.117    3.818    162
   0.241   -0.069    0.968   -0.276   -0.961   -0.000    0.930   -0.268   -0.251   36.874   32.117  -20.182    163
   0.495   -0.732    0.469    0.086    0.578    0.812   -0.865   -0.361    0.348   40.474   -9.883   -3.382    164
  -0.694    0.717    0.071    0.706    0.657    0.265    0.143    0.234   -0.962   23.674   24.917  -12.982    165
   0.880    0.441   -0.179   -0.438    0.603   -0.667   -0.186    0.665    0.723   23.674   16.517  -22.582    166
   0.741    0.563    0.367    0.523   -0.826    0.212    0.422    0.035   -0.906   18.874   12.917   -9.382    167
   0.691   -0.460    0.557    0.629    0.763   -0.149   -0.357    0.454    0.817   35.674  -17.083   -6.982    168
   0.561   -0.018    0.828   -0.720   -0.503    0.478    0.408   -0.864   -0.295   23.674   24.917  -11.782    169
   0.143   -0.874    0.465    0.477   -0.351   -0.806    0.867    0.337    0.367   66.874   23.717  -33.382    170
   0.986    0.167    0.000   -0.152    0.900    0.407    0.068   -0.402    0.913   54.874  -13.483  -16.582    171
   0.120   -0.853    0.507   -0.989   -0.059    0.136   -0.086   -0.518   -0.851   52.474   34.517    2.618    172
  -0.814   -0.047   -0.580   -0.371   -0.725    0.580   -0.447    0.687    0.573   53.674    9.317  -38.182    173
   0.103   -0.664   -0.741   -0.834    0.348   -0.428    0.542    0.662   -0.518   23.674   21.317  -17.782    174
  -0.605   -0.390   -0.694    0.775   -0.489   -0.401   -0.183   -0.780    0.598   27.274   -8.683   -0.982    175
  -0.462    0.671    0.579   -0.824   -0.567   -0.000    0.328   -0.477    0.815   38.074   30.917  -20.182    176
   0.894    0.417   -0.164    0.240   -0.754   -0.612   -0.379    0.507   -0.774   53.674   -5.083  -36.982    177
   0.495    0.131    0.859    0.256   -0.967   -0.000    0.830    0.220   -0.512   20.074   16.517   -3.382    178
  -0.481    0.609   -0.630    0.775   -0.040   -0.630   -0.409   -0.792   -0.453   59.674   -6.283   -2.182    179
  -0.723   -0.640   -0.258   -0.152   -0.217    0.964   -0.673    0.737    0.060   57.274  -14.683  -16.582    180
   0.257    0.021   -0.966   -0.082    0.997   -0.000    0.963    0.080    0.258   26.074   24.917  -15.382    181
  -0.384   -0.503   -0.774    0.905   -0.372   -0.207   -0.183   -0.780    0.598   30.874  -11.083  -10.582    182
  -0.965    0.084    0.247   -0.208    0.324   -0.923   -0.157   -0.942   -0.295   47.674   44.117   -5.782    183
   0.752   -0.117    0.648    0.181   -0.909   -0.374    0.633    0.399   -0.663   58.474   -1.483  -36.982    184
  -0.819    0.302   -0.488   -0.543   -0.683    0.488   -0.186    0.665    0.723   53.674   10.517  -38.182    185
   0.839   -0.067   -0.541   -0.126    0.942   -0.312    0.530    0.330    0.781   48.874   10.517  -39.382    186
   0.609   -0.525    0.595   -0.729   -0.666    0.159    0.312   -0.531   -0.788   51.274   15.317  -39.382    187
   0.419   -0.898   -0.135   -0.809   -0.302   -0.504    0.412    0.320   -0.853   27.274   16.517  -28.582    188
  -0.010    0.260    0.966    0.147   -0.955    0.259    0.989    0.144   -0.029   30.874   15.317  -27.382    189
   0.221    0.305   -0.926   -0.810    0.586   -0.000    0.543    0.751    0.377   68.074   -6.283  -14.182    190
   0.412    0.659   -0.630   -0.900    0.401   -0.169    0.141    0.636    0.758   63.274   -5.083  -29.782    191
   0.749   -0.141    0.647   -0.036   -0.984   -0.173    0.661    0.107   -0.743   22.474   20.117    0.218    192
  -0.780    0.572   -0.254    0.081   -0.310   -0.947   -0.621   -0.759    0.195   57.274   22.517   12.218    193
   0.540   -0.458    0.706    0.597   -0.383   -0.706    0.593    0.802    0.067   22.474   28.517    2.618    194
   0.941    0.215    0.263    0.317   -0.832   -0.456    0.121    0.512   -0.851   20.074   14.117  -14.182    195
  -0.382   -0.780    0.495    0.357    0.370    0.858   -0.852    0.505    0.137   44.074   -6.283  -32.182    196
   0.772    0.393    0.500    0.463    0.190   -0.865   -0.436    0.899   -0.035   48.874  -12.283   -2.182    197
  -0.234   -0.697   -0.678    0.688   -0.611    0.391   -0.687   -0.375    0.622   51.274  -13.483  -36.982    198
   0.024    0.008    1.000   -0.302    0.953   -0.000   -0.953   -0.301    0.025   56.074   -0.283  -36.982    199
   0.778    0.595    0.204   -0.625    0.696    0.353    0.068   -0.402    0.913   68.074   -6.283  -11.782    200
  -0.656   -0.508    0.558    0.392   -0.862   -0.322    0.645    0.007    0.764   70.474   -3.883  -15.382    201
  -0.668   -0.297    0.682    0.435    0.587    0.682   -0.604    0.753   -0.263   66.874   -5.083  -10.582    202
   0.457   -0.566   -0.687   -0.663    0.298   -0.687    0.593    0.769   -0.239   30.874   20.117  -29.782    203
  -0.986   -0.167    0.000    0.152   -0.900   -0.407    0.068   -0.402    0.913   50.074   -5.083    6.218    204
  -0.438    0.758    0.483   -0.744   -0.607    0.279    0.505   -0.237    0.830   44.074   34.517  -22.582    205
  -0.565    0.825    0.000    0.326    0.224    0.918    0.758    0.519   -0.396   21.274    9.317    3.818    206
  -0.728   -0.652    0.212    0.519   -0.322    0.792   -0.447    0.687    0.573   77.674    4.517  -15.382    207
   0.163   -0.787    0.595   -0.936   -0.314   -0.159    0.312   -0.531   -0.788   56.074   34.517   -3.382    208
  -0.580    0.124    0.805   -0.487    0.739   -0.465   -0.653   -0.662   -0.368   33.274   11.717    9.818    209
  -0.522   -0.772   -0.362    0.829   -0.560   -0.000   -0.203   -0.300    0.932   60.874   -7.483   -6.982    210
   0.663   -0.308   -0.682    0.022    0.919   -0.394    0.748    0.246    0.616   50.074   10.517  -39.382    211
  -0.155   -0.387   -0.909   -0.928    0.372   -0.000    0.338    0.843   -0.417   58.474  -11.083  -15.382    212
  -0.719    0.655   -0.234   -0.141   -0.467   -0.873   -0.681   -0.594    0.428   58.474   -6.283   -0.982    213
  -0.410   -0.804   -0.431   -0.663   -0.061    0.746   -0.626    0.591   -0.509   63.274   36.917   -4.582    214
  -0.379   -0.604   -0.701    0.521    0.487   -0.701    0.765   -0.631    0.130   77.674    9.317  -21.382    215
  -0.580   -0.814    0.000   -0.131    0.094    0.987   -0.804    0.573   -0.161   77.674    9.317   -9.382    216
   0.656    0.508   -0.558   -0.392    0.862    0.322    0.645    0.007    0.764   35.674   -8.683  -28.582    217
  -0.379    0.925    0.000    0.680    0.278   -0.678   -0.628   -0.257   -0.735   53.674   -2.683    8.618    218
  -0.150    0.967   -0.204   -0.646    0.060    0.761    0.748    0.246    0.616   52.474   27.317  -33.382    219
  -0.379    0.594    0.710    0.463    0.786   -0.410   -0.801    0.174   -0.572   40.474   -0.283   11.018    220
   0.320   -0.682    0.657   -0.686    0.311    0.657   -0.653   -0.662   -0.368   68.074   -6.283  -24.982    221
  -0.442   -0.875    0.197    0.656   -0.165    0.736   -0.612    0.455    0.647   75.274    2.117  -18.982    222
   0.654    0.738    0.164    0.655   -0.444   -0.612   -0.379    0.507   -0.774   59.674   -5.083  -33.382    223
  -0.410    0.109   -0.905    0.289   -0.926   -0.243   -0.865   -0.361    0.348   71.674   26.117   -5.782    224
  -0.238    0.911   -0.337   -0.934   -0.120    0.337    0.267    0.395    0.879   56.074   30.917  -32.182    225
  -0.493   -0.508    0.706    0.551    0.446    0.706   -0.673    0.737    0.060   56.074  -12.283  -16.582    226
  -0.620    0.477    0.623   -0.025    0.782   -0.623   -0.784   -0.402   -0.473   77.674    5.717  -29.782    227
   0.544   -0.123    0.830    0.120   -0.968   -0.222    0.830    0.220   -0.512   21.274   20.117   -3.382    228
  -0.418   -0.240   -0.876    0.805   -0.545   -0.235   -0.421   -0.803    0.421   28.474  -11.083  -10.582    229
  -0.534    0.058   -0.843    0.107    0.994   -0.000    0.838   -0.091   -0.537   72.874    4.517  -30.982    230
   0.416    0.325    0.850   -0.396   -0.776    0.490    0.819   -0.540   -0.194   24.874   22.517  -21.382    231
  -0.289    0.796   -0.532   -0.618   -0.579   -0.532   -0.731    0.175    0.660   54.874   36.917   -3.382    232
   0.049   -0.621   -0.783    0.731   -0.511    0.452   -0.681   -0.594    0.428   53.674  -14.683  -34.582    233
  -0.373   -0.928    0.000    0.780   -0.314    0.541   -0.502    0.202    0.841   72.874    0.917  -18.982    234
  -0.309    0.810   -0.498   -0.265    0.430    0.863    0.914    0.398    0.082   36.874   -5.083  -33.382    235
  -0.010   -0.979    0.202    0.979    0.032    0.202   -0.205    0.200    0.958   69.274   -3.883  -22.582    236
  -0.034   -0.911   -0.411    0.885   -0.218    0.411   -0.464   -0.350    0.814   71.674   -0.283  -11.782    237
  -0.233    0.795    0.560   -0.915   -0.374    0.150    0.328   -0.477    0.815   34.474   29.717  -20.182    238
  -0.169   -0.472    0.865    0.942   -0.337   -0.000    0.292    0.815    0.501   41.674    3.317  -35.782    239
   0.059    0.065   -0.996    0.744   -0.668   -0.000   -0.666   -0.741   -0.088   30.874   -9.883   -2.182    240
  -0.332   -0.914    0.235    0.481    0.050    0.875   -0.812    0.403    0.423   27.274   22.517  -24.982    241
  -0.370    0.909    0.194    0.680    0.123    0.723    0.633    0.399   -0.663   52.474   -2.683  -34.582    242
  -0.046    0.281    0.959   -0.566    0.784   -0.257   -0.823   -0.554    0.122   34.474   12.917    9.818    243
   0.845   -0.242   -0.477   -0.525   -0.205   -0.826    0.102    0.949   -0.300   30.874   26.117  -22.582    244
   0.486   -0.363    0.795   -0.784   -0.583    0.213    0.386   -0.727   -0.568   38.074   33.317   -6.982    245
  -0.212   -0.977    0.000   -0.559    0.121    0.820   -0.801    0.174   -0.572   63.274   -0.283  -38.182    246
  -0.174    0.890   -0.422    0.516    0.447    0.730    0.838   -0.091   -0.537   35.674  -11.083   -4.582    247
  -0.595   -0.762    0.255    0.023    0.301    0.953   -0.804    0.573   -0.161   42.874   -7.483  -32.182    248
   0.221    0.083    0.972    0.349   -0.937   -0.000    0.910    0.340   -0.236   33.274   12.917  -33.382    249
   0.005   -0.998   -0.070    0.999    0.003    0.040   -0.040   -0.070    0.997   69.274   -5.083  -16.582    250
   0.615   -0.575   -0.539    0.605    0.783   -0.144    0.505   -0.237    0.830   52.474   -7.483  -28.582    251
   0.506    0.863    0.000    0.602   -0.353   -0.716   -0.617    0.362   -0.698   59.674   -6.283  -30.982    252
   0.846   -0.446    0.290    0.262    0.824    0.503   -0.464   -0.350    0.814   72.874    4.517  -30.982    253
   0.715   -0.391    0.580   -0.228   -0.914   -0.335    0.661    0.107   -0.743   50.074   -6.283  -36.982    254
   0.237   -0.732   -0.639    0.693   -0.333    0.639   -0.681   -0.594    0.428   50.074  -15.883  -33.382    255
  -0.419    0.898    0.135    0.809    0.302    0.504    0.412    0.320   -0.853   58.474   -6.283  -24.982    256
   0.737    0.145    0.660   -0.495    0.781    0.381   -0.460   -0.607    0.648   78.874    3.317  -22.582    257
   0.661   -0.340   -0.669    0.735    0.109    0.669   -0.154   -0.934    0.322   22.474   -6.283   -6.982    258
  -0.904    0.265    0.335   -0.419   -0.698   -0.580    0.080   -0.665    0.743   77.674    6.917  -14.182    259
  -0.367    0.356   -0.860    0.433   -0.753   -0.496   -0.823   -0.554    0.122   39.274  -15.883  -12.982    260
   0.739    0.570   -0.358    0.269   -0.737   -0.620   -0.617    0.362   -0.698   15.274   11.717   -4.582    261
   0.952   -0.180   -0.247   -0.288   -0.260   -0.921    0.102    0.949   -0.300   30.874  -14.683  -18.982    262
   0.545   -0.741   -0.391   -0.827   -0.552   -0.105   -0.138    0.381   -0.914   28.474    6.917  -36.982    263
  -0.558    0.748   -0.359    0.819    0.566   -0.096    0.131   -0.348   -0.928   42.874   -6.283    1.418    264
  -0.236   -0.369    0.899    0.438   -0.866   -0.241    0.867    0.337    0.367   62.074   12.917  -39.382    265
   0.170   -0.206    0.964    0.787   -0.560   -0.258    0.593    0.802    0.067   34.474    8.117  -34.582    266
  -0.735   -0.109   -0.669    0.661   -0.340   -0.669   -0.154   -0.934    0.322   32.074  -14.683  -12.982    267
   0.168    0.776    0.607    0.531   -0.591    0.607    0.830    0.220   -0.512   26.074   -1.483  -24.982    268
  -0.261   -0.849    0.460    0.928   -0.352   -0.123    0.267    0.395    0.879   48.874    0.917   12.218    269
   0.012    0.865    0.502   -0.944   -0.155    0.290    0.328   -0.477    0.815   23.674   18.917  -18.982    270
   0.196   -0.680   -0.707    0.230   -0.669    0.707   -0.953   -0.301    0.025   70.474   11.717    0.218    271
   0.672    0.353    0.651   -0.119    0.919   -0.376   -0.731    0.175    0.660   51.274    2.117  -36.982    272
   0.445    0.838   -0.316    0.636   -0.544   -0.548   -0.631    0.043   -0.775   33.274   -7.483    3.818    273
  -0.780   -0.626    0.000   -0.164    0.205    0.965   -0.604    0.753   -0.263   53.674   38.117   -4.582    274
   0.455    0.478    0.751   -0.886    0.162    0.434    0.086   -0.863    0.497   65.674   -7.483  -11.782    275
   0.444    0.849    0.286    0.885   -0.366   -0.286   -0.138    0.381   -0.914   32.074  -13.483  -10.582    276
  -0.444   -0.849   -0.286   -0.885    0.366    0.286   -0.138    0.381   -0.914   74.074   14.117   -0.982    277
  -0.640   -0.724    0.257   -0.068   -0.280   -0.958    0.765   -0.631    0.130   68.074   -9.883  -17.782    278
  -0.938   -0.233    0.256    0.283   -0.092    0.955   -0.199    0.968    0.153   51.274  -12.283  -23.782    279
   0.604    0.379    0.701   -0.488   -0.520    0.701    0.630   -0.766   -0.129   34.474   27.317  -26.182    280
   0.244   -0.938    0.248    0.948    0.285    0.143   -0.205    0.200    0.958   59.674   -2.683  -33.382    281
   0.805    0.548   -0.230    0.436   -0.807   -0.398   -0.403    0.220   -0.888   36.874  -11.083  -32.182    282
   0.521    0.723    0.453   -0.618   -0.047    0.785    0.589   -0.689    0.422   26.074   20.117  -21.382    283
  -0.601   -0.627    0.496   -0.231   -0.457   -0.859    0.765   -0.631    0.130   66.874   -6.283  -26.182    284
   0.246    0.155    0.957    0.462    0.849   -0.256   -0.852    0.505    0.137   28.474   -6.283    0.218    285
   0.617   -0.355   -0.702    0.684   -0.199    0.702   -0.389   -0.913    0.120   78.874    0.917  -28.582    286
  -0.096    0.701   -0.707    0.991    0.135   -0.000    0.096   -0.700   -0.707   46.474   35.717    1.418    287
  -0.014    0.753   -0.658   -0.498    0.565    0.658    0.867    0.337    0.367   36.874   -5.083  -33.382    288
  -0.485   -0.432    0.761    0.453   -0.868   -0.204    0.748    0.246    0.616   71.674   -3.883  -16.582    289
   0.484    0.826   -0.290    0.778   -0.557   -0.290   -0.401   -0.085   -0.912   63.274  -11.083  -17.782    290
   0.993    0.120    0.000   -0.089    0.737    0.670    0.080   -0.665    0.743   32.074  -11.083  -20.182    291
   0.257   -0.034    0.966   -0.957    0.133    0.259   -0.137   -0.991    0.001   21.274   -7.483  -29.782    292
  -0.504   -0.515   -0.694    0.275    0.666   -0.694    0.819   -0.540   -0.194   78.874   11.717  -20.182    293
  -0.299   -0.636    0.712   -0.905    0.425   -0.000   -0.303   -0.644   -0.702   39.274  -15.883  -17.782    294
  -0.246    0.777    0.580    0.545    0.605   -0.580   -0.801    0.174   -0.572   53.674   23.717  -36.982    295
  -0.312   -0.738    0.598    0.932   -0.114    0.345   -0.186    0.665    0.723   41.674    0.917  -35.782    296
  -0.022   -0.919    0.394    0.663   -0.308   -0.682    0.748    0.246    0.616   42.874   -1.483  -36.982    297
   0.093    0.996    0.000    0.326   -0.030   -0.945   -0.941    0.087   -0.328   65.674   -0.283    1.418    298
  -0.055   -0.840    0.539    0.789    0.294    0.539   -0.612    0.455    0.647   44.074   -2.683  -34.582    299
   0.179   -0.525   -0.832   -0.759   -0.612    0.223   -0.626    0.591   -0.509   48.874   -8.683  -30.982    300
   0.902    0.143   -0.408   -0.212   -0.675   -0.707   -0.377    0.724   -0.578   41.674   35.717   -9.382    301
   0.019    0.309   -0.951   -0.998    0.063   -0.000    0.060    0.949    0.309   62.074   -7.483  -26.182    302
   0.774   -0.633    0.000   -0.328   -0.401   -0.855    0.542    0.662   -0.518   26.074   15.317  -27.382    303
   0.297   -0.825    0.481   -0.697   -0.532   -0.481    0.653   -0.192   -0.733   56.074   36.917   -8.182    304
   0.558   -0.748    0.359   -0.819   -0.566    0.096    0.131   -0.348   -0.928   44.074   36.917   -3.382    305
   0.023    0.301    0.953    0.595    0.762   -0.255   -0.804    0.573   -0.161   68.074   10.517    5.018    306
  -0.836    0.107    0.539   -0.217   -0.965   -0.144    0.505   -0.237    0.830   80.074    9.317  -16.582    307
   0.832    0.390   -0.395   -0.230    0.890    0.395    0.505   -0.237    0.830   35.674   -9.883  -24.982    308
   0.913    0.394    0.105   -0.402    0.827    0.394    0.068   -0.402    0.913   51.274  -12.283  -16.582    309
   0.409   -0.547    0.730   -0.360   -0.832   -0.422    0.838   -0.091   -0.537   64.474   -1.483    1.418    310
   0.582    0.778   -0.238   -0.192    0.416    0.889    0.790   -0.471    0.391   69.274   -7.483  -29.782    311
   0.243    0.941    0.235   -0.367    0.313   -0.876   -0.898    0.126    0.421   18.874  -15.883   -6.982    312
   0.866    0.389    0.314   -0.457    0.871    0.181   -0.203   -0.300    0.932   45.274   36.917   -2.182    313
  -0.446    0.503    0.740   -0.265   -0.864    0.427    0.855   -0.005    0.519   40.474   21.317  -33.382    314
   0.936   -0.341    0.094    0.289    0.891    0.350   -0.203   -0.300    0.932   27.274   -8.683  -20.182    315
   0.603   -0.545   -0.582   -0.789   -0.515   -0.336   -0.116    0.662   -0.740   59.674  -11.083  -15.382    316
  -0.119   -0.615   -0.780   -0.982    0.190   -0.000    0.148    0.765   -0.626   58.474  -11.083  -14.182    317
   0.360   -0.202   -0.911   -0.864   -0.440   -0.244   -0.351    0.875   -0.333   36.874   34.517   -3.382    318
  -0.136   -0.632    0.763   -0.606    0.663    0.440   -0.784   -0.402   -0.473   41.674  -14.683  -23.782    319
   0.669   -0.589   -0.453    0.612    0.091    0.785   -0.421   -0.803    0.421   28.474   11.717  -36.982    320
   0.801    0.598    0.000    0.463   -0.620   -0.633   -0.379    0.507   -0.774   59.674   -8.683  -27.382    321
  -0.043   -0.996   -0.081   -0.990    0.032    0.140   -0.137    0.086   -0.987   20.074   21.317  -12.982    322
  -0.367    0.313   -0.876   -0.243   -0.941   -0.235   -0.898    0.126    0.421   20.074    3.317    5.018    323
   0.937   -0.259    0.235    0.090   -0.471   -0.878    0.338    0.843   -0.417   34.474   27.317  -21.382    324
  -0.900    0.401   -0.169   -0.412   -0.659    0.630    0.141    0.636    0.758   74.074   23.717  -30.982    325
   0.791   -0.472   -0.390   -0.594   -0.437   -0.675    0.148    0.765   -0.626   28.474  -13.483  -23.782    326
  -0.936   -0.353    0.000   -0.327    0.869   -0.372    0.131   -0.348   -0.928   26.074   -7.483  -30.982    327
   0.602   -0.798    0.000    0.650    0.490    0.581   -0.464   -0.350    0.814   45.274  -14.683  -24.982    328
  -0.718   -0.601   -0.350    0.666   -0.740   -0.094   -0.203   -0.300    0.932   62.074   -5.083   -5.782    329
  -0.731    0.511   -0.452    0.049   -0.621   -0.783   -0.681   -0.594    0.428   54.874   -5.083    0.218    330
  -0.102   -0.068   -0.992    0.558   -0.830   -0.000   -0.823   -0.554    0.122   65.674   16.517    7.418    331
  -0.644   -0.051    0.763   -0.165   -0.965   -0.204    0.746   -0.258    0.613   59.674  -11.083  -20.182    332
   0.176    0.488    0.855    0.568    0.658   -0.493   -0.804    0.573   -0.161   66.874    6.917    5.018    333
   0.347    0.420    0.838   -0.119   -0.867    0.484    0.930   -0.268   -0.251   48.874  -17.083  -28.582    334
  -0.691   -0.538    0.482    0.549    0.043    0.835   -0.470    0.842    0.266   39.274   -0.283  -35.782    335
  -0.656   -0.602   -0.456   -0.745    0.613    0.263    0.121    0.512   -0.851   78.874   11.717  -12.982    336
   0.085   -0.922    0.377   -0.924    0.069    0.377   -0.374   -0.380   -0.846   53.674   34.517    3.818    337
   0.702   -0.082    0.707    0.705   -0.060   -0.707    0.100    0.995    0.016   29.674   -9.883   -2.182    338
  -0.413    0.898    0.150   -0.784   -0.267   -0.561   -0.464   -0.350    0.814   18.874   17.717  -15.382    339
   0.062    0.985    0.164   -0.777    0.150   -0.611   -0.626   -0.090    0.774   33.274   20.117  -33.382    340
  -0.495    0.067   -0.866    0.858   -0.120   -0.500   -0.137   -0.991    0.001   29.674   32.117   -6.982    341
   0.870    0.172   -0.462    0.321   -0.909    0.267   -0.374   -0.380   -0.846   22.474   26.117  -26.182    342
   0.711    0.657    0.250    0.361   -0.036   -0.932   -0.604    0.753   -0.263   63.274   -9.883  -18.982    343
   0.609    0.091    0.788   -0.476   -0.752    0.455    0.634   -0.652   -0.415   35.674   27.317  -27.382    344
  -0.784    0.562   -0.263    0.614    0.645   -0.455   -0.086   -0.518   -0.851   58.474   -1.483    3.818    345
   0.952   -0.246   -0.184   -0.054   -0.724    0.688   -0.303   -0.644   -0.702   54.874   30.917  -35.782    346
  -0.135    0.487   -0.863   -0.384    0.777    0.498    0.914    0.398    0.082   40.474   -8.683  -34.582    347
